math score

              precision    recall  f1-score   support

           0       0.00      0.00      0.00         1
          10       0.00      0.00      0.00         0
          20       0.00      0.00      0.00         2
          30       0.43      0.25      0.32        12
          40       0.19      0.08      0.11        39
          50       0.20      0.25      0.22        59
          60       0.28      0.34      0.31        90
          70       0.21      0.18      0.19        72
          80       0.20      0.18      0.19        38
          90       0.11      0.10      0.11        10
         100       0.00      0.00      0.00         4

   micro avg       0.22      0.22      0.22       327
   macro avg       0.15      0.13      0.13       327
weighted avg       0.22      0.22      0.22       327

[[ 0  0  0  0  1  0  0  0  0  0  0]
 [ 0  0  0  0  0  0  0  0  0  0  0]
 [ 0  0  0  0  0  0  2  0  0  0  0]
 [ 1  1  1  3  0  0  3  2  1  0  0]
 [ 0  3  0  3  3  8 15  3  1  3  0]
 [ 0  0  1  0  2 15 20 13  7  1  0]
 [ 1  1  1  1  6 24 31 17  7  1  0]
 [ 0  0  1  0  3 21 22 13 11  1  0]
 [ 0  0  0  0  0  3 16 10  7  2  0]
 [ 0  0  0  0  1  4  1  3  0  1  0]
 [ 0  0  0  0  0  0  1  2  1  0  0]]

reading score

              precision    recall  f1-score   support

          10       0.00      0.00      0.00         1
          20       0.00      0.00      0.00         3
          30       0.06      0.20      0.10         5
          40       0.27      0.14      0.18        22
          50       0.20      0.19      0.20        57
          60       0.22      0.25      0.23        85
          70       0.27      0.41      0.33        70
          80       0.19      0.10      0.13        60
          90       0.12      0.05      0.07        21
         100       0.00      0.00      0.00         3

   micro avg       0.22      0.22      0.22       327
   macro avg       0.13      0.13      0.12       327
weighted avg       0.21      0.22      0.21       327

[[ 0  0  0  0  1  0  0  0  0  0]
 [ 0  0  0  0  0  2  0  1  0  0]
 [ 0  0  1  1  0  1  2  0  0  0]
 [ 0  1  2  3  2  9  5  0  0  0]
 [ 0  0  4  1 11 25 15  1  0  0]
 [ 0  1  4  4 20 21 24 10  1  0]
 [ 0  2  0  1  7 18 29 10  3  0]
 [ 0  0  5  0  9 16 22  6  2  0]
 [ 0  0  0  1  4  3  9  3  1  0]
 [ 0  0  0  0  0  1  1  0  1  0]]

writing score

              precision    recall  f1-score   support

          10       0.00      0.00      0.00         1
          20       0.00      0.00      0.00         2
          30       0.20      0.12      0.15         8
          40       0.21      0.15      0.18        33
          50       0.21      0.24      0.22        55
          60       0.27      0.36      0.31        78
          70       0.30      0.42      0.35        74
          80       0.28      0.09      0.14        55
          90       0.00      0.00      0.00        18
         100       0.00      0.00      0.00         3

   micro avg       0.25      0.25      0.25       327
   macro avg       0.15      0.14      0.13       327
weighted avg       0.24      0.25      0.23       327

[[ 0  0  0  0  1  0  0  0  0  0]
 [ 0  0  0  0  0  1  1  0  0  0]
 [ 0  0  1  2  1  3  1  0  0  0]
 [ 1  0  0  5  7 17  3  0  0  0]
 [ 0  1  0  5 13 20 16  0  0  0]
 [ 0  0  3  5 23 28 18  1  0  0]
 [ 1  1  0  4  5 21 31  7  4  0]
 [ 0  0  1  3 10 12 23  5  1  0]
 [ 0  0  0  0  2  3  8  5  0  0]
 [ 0  0  0  0  0  0  2  0  1  0]]
